cam0=[960.0 0 960.0; 0 960.0 540.0; 0 0 1]
cam1=[960.0 0 960.0; 0 960.0 540.0; 0 0 1]
doffs=0
baseline=600.0
width=1920
height=1080
ndisp=512
