cam0=[721.5377 0 596.5593; 0 721.5377 149.854; 0 0 1]
cam1=[721.5377 0 596.5593; 0 721.5377 149.854; 0 0 1]
doffs=0
baseline=540.0
width=1238
height=374
ndisp=512
